MEME version 4

ALPHABET= ACGU

strands: + -

Background letter frequencies (from uniform background):
A 0.25000 C 0.25000 G 0.25000 U 0.25000 

MOTIF HHHNHNNNNHNYAG 

letter-probability matrix: alength= 4 w= 14 nsites= 10 E= 0
  0.347826	  0.271739	  0.114130	  0.266304	
  0.331522	  0.282609	  0.092391	  0.293478	
  0.239130	  0.326087	  0.097826	  0.336957	
  0.298913	  0.266304	  0.146739	  0.288043	
  0.293478	  0.271739	  0.125000	  0.309783	
  0.228261	  0.217391	  0.146739	  0.407609	
  0.168478	  0.255435	  0.135870	  0.440217	
  0.260870	  0.250000	  0.141304	  0.347826	
  0.163043	  0.358696	  0.141304	  0.336957	
  0.195652	  0.309783	  0.076087	  0.418478	
  0.163043	  0.288043	  0.141304	  0.407609	
  0.119565	  0.652174	  0.016304	  0.211957	
  1.000000	  0.000000	  0.000000	  0.000000	
  0.000000	  0.000000	  1.000000	  0.000000	

