MEME version 4

ALPHABET= ACGU

strands: + -

Background letter frequencies (from uniform background):
A 0.25000 C 0.25000 G 0.25000 U 0.25000 

MOTIF HDHHHNNNNBNYAC 

letter-probability matrix: alength= 4 w= 14 nsites= 10 E= 0
  0.214953	  0.196262	  0.046729	  0.542056	
  0.355140	  0.093458	  0.140187	  0.411215	
  0.495327	  0.196262	  0.093458	  0.214953	
  0.327103	  0.373832	  0.065421	  0.233645	
  0.233645	  0.345794	  0.074766	  0.345794	
  0.149533	  0.317757	  0.214953	  0.317757	
  0.168224	  0.252336	  0.186916	  0.392523	
  0.224299	  0.214953	  0.168224	  0.392523	
  0.233645	  0.233645	  0.224299	  0.308411	
  0.093458	  0.289720	  0.177570	  0.439252	
  0.140187	  0.289720	  0.196262	  0.373832	
  0.102804	  0.476636	  0.018692	  0.401869	
  1.000000	  0.000000	  0.000000	  0.000000	
  0.000000	  1.000000	  0.000000	  0.000000	

