MEME version 4

ALPHABET= ACGU

strands: + -

Background letter frequencies (from uniform background):
A 0.25000 C 0.25000 G 0.25000 U 0.25000 

MOTIF HYYYYYYYYYNYAG 

letter-probability matrix: alength= 4 w= 14 nsites= 10 E= 0
  0.128788	  0.288567	  0.121212	  0.461433	
  0.115702	  0.254821	  0.115014	  0.514463	
  0.110882	  0.282369	  0.108815	  0.497934	
  0.081956	  0.232782	  0.101928	  0.583333	
  0.094353	  0.272727	  0.123967	  0.508953	
  0.098485	  0.287190	  0.119835	  0.494490	
  0.122590	  0.329201	  0.114325	  0.433884	
  0.127410	  0.339532	  0.084711	  0.448347	
  0.088154	  0.351240	  0.062672	  0.497934	
  0.090220	  0.280992	  0.074380	  0.554408	
  0.251377	  0.252066	  0.196281	  0.300275	
  0.044077	  0.644628	  0.004132	  0.307163	
  1.000000	  0.000000	  0.000000	  0.000000	
  0.000000	  0.000000	  1.000000	  0.000000	

