MEME version 4

ALPHABET= ACGU

strands: + -

Background letter frequencies (from uniform background):
A 0.25000 C 0.25000 G 0.25000 U 0.25000 

MOTIF YYYYYYYYYYNYAG 

letter-probability matrix: alength= 4 w= 14 nsites= 10 E= 0
  0.113239	  0.280690	  0.123471	  0.482600	
  0.101370	  0.276865	  0.116512	  0.505252	
  0.092990	  0.279612	  0.107289	  0.520109	
  0.084775	  0.259674	  0.102309	  0.553242	
  0.087471	  0.282162	  0.108856	  0.521511	
  0.098084	  0.295629	  0.113544	  0.492743	
  0.108665	  0.323884	  0.103616	  0.463835	
  0.113410	  0.333557	  0.091766	  0.461266	
  0.086260	  0.341005	  0.064026	  0.508710	
  0.089793	  0.296416	  0.062846	  0.550945	
  0.239241	  0.272532	  0.204517	  0.283710	
  0.059179	  0.646930	  0.003159	  0.290732	
  1.000000	  0.000000	  0.000000	  0.000000	
  0.000000	  0.000000	  1.000000	  0.000000	

